codigo
2751066
2849066
2850045
2851044
2851072
2852004
2853053
2854036
2949029
2950045
2950108
2950109
2951142
2952065
2953073
2954044
2955024
2956013
3050015
3051074
3054028
3054029
3054030
3055003
3055017
3055019
3153035
3154011
3154013
3154015
3154016
3154017
3155004
3253030
71200000
71300000
71350001
72715000
72810000
72849000
73100300
73770000
73900000
73960000
74100000
74295000
74300000
74320000
74329000
74500000
74720000
74800000
75205010
75230000
75550000
75650010
75780000
75831000
75900000
76220900
76251000
76290000
76300000
76310000
76431995
76560000
76660900
76742000
76750000
76800000
77150000
77500000
79200010
79400000
82350000
82549000
83029900
83030000
83035000
83040000
83050000
83105000
83250000
83300200
83360000
83800002
83892990
83900000
84095500
84100000
84150100
84420000
84559800
84580000
84580500
84598002
84853000
84949800
85101000
85400000
85438510
85480010
85623010
85642000
85800000
85900000
86160000
86472000
86472600
86510000
86720000
86746900
86780000
86879300
86895000
86950000
87010000
87111000
87150000
87160000
87168000
87170000
87230000
87242000
87270000
87309010
87317030
87318000
87333000
87350000
87376000
87380000
87382000
87399000
87401750
87409000
87450004
87510015
87550050
87905000
88009000
88060200
88060210
88260000
88550010
88575050